36, 172
38,1650635094611, 173,25
40,3301270189222, 174,45
42,4951905283833, 175,6
44,6602540378444, 176,7
46,8253175473055, 177,75
48,9903810567666, 178,75
51,1554445662277, 179,7
53,3205080756888, 180,6
55,4855715851499, 181,45
57,650635094611, 182,25
59,8156986040721, 183
61,9807621135332, 183,7
64,1458256229943, 184,35
66,3108891324554, 184,95
68,4759526419165, 185,5
70,6410161513776, 186
72,8060796608386, 186,45
74,9711431702997, 186,85
77,1362066797608, 187,2
79,3012701892219, 187,5
81,466333698683, 187,75
83,6313972081441, 187,95
85,7964607176052, 188,1
87,9615242270663, 188,2
90,1265877365274, 188,25
92,2916512459885, 188,25
94,4567147554496, 188,2
96,6217782649107, 188,1
98,7868417743718, 187,95
100,951905283833, 187,75
103,116968793294, 187,5
105,282032302755, 187,2
107,447095812216, 186,85
109,612159321677, 186,45
111,777222831138, 186
113,942286340599, 185,5
116,10734985006, 184,95
118,272413359522, 184,35
120,437476868983, 183,7
122,602540378444, 183
124,767603887905, 182,25
126,932667397366, 181,45
129,097730906827, 180,6
131,262794416288, 179,7
133,427857925749, 178,75
135,59292143521, 177,75
137,757984944671, 176,7
139,923048454133, 175,6
142,088111963594, 174,45
